331.729067 71.512654 355.510523 69.360196 4.636148 0.125000 23.230071 
171.741305 70.572642 176.908714 57.377730 3.288256 0.125000 7.190802 
180.998227 57.245582 186.876314 71.152776 3.584619 0.125000 9.780200 
274.578845 70.626626 274.678519 58.127420 2.559727 0.031250 4.367555 
1097.968166 694.554651 1108.597409 703.833860 3.724490 0.125000 0.968565 
311.869510 69.847829 329.381662 70.051147 3.749747 0.125000 12.295300 
488.161038 217.852268 458.109713 218.960443 3.471070 0.125000 18.598572 
553.136430 216.171831 520.650625 216.850882 3.984288 0.125000 21.292761 
1090.586398 675.175178 583.175971 718.718964 4.748522 0.125000 638.767491 
254.403909 223.850945 221.855968 225.147089 3.697291 0.125000 28.804059 
142.715369 70.627986 142.624193 58.119539 2.572823 0.125000 2.206506 
157.697586 70.633829 157.438948 58.113350 2.602731 0.125000 0.337161 
846.887927 206.058841 806.886196 207.250762 3.466855 0.125000 30.390004 
400.666012 220.173321 379.215758 221.275293 4.865151 0.125000 15.373020 
335.633351 222.214616 303.122272 223.014049 3.144525 0.125000 25.937429 
243.352050 68.128253 243.531363 55.612913 2.571373 0.125000 2.206506 
150.623141 77.292766 308.126364 77.152126 3.749999 0.125000 179.293168 
296.851430 237.651010 338.061683 235.601717 4.745498 0.125000 38.493875 
775.639774 208.459540 750.578246 209.566320 2.938761 0.125000 26.243709 
706.884475 210.858114 678.080447 212.028825 2.954805 0.125000 26.362337 
915.634740 203.379106 876.893749 204.864123 2.929083 0.125000 26.932790 
601.869161 228.008918 638.090388 226.186923 4.122052 0.125000 26.183643 
636.911405 213.398597 591.877381 214.474654 3.719071 0.125000 36.581694 
881.852650 217.726195 918.058985 215.697074 3.744125 0.125000 33.167251 
395.473619 697.785608 383.107569 695.729854 3.286110 0.125000 0.443506 
119.413284 75.915822 149.465192 77.115289 3.796868 0.125000 15.896805 
374.363621 235.401692 415.570327 233.302027 3.832582 0.125000 43.175764 
215.581197 239.563311 258.060461 237.810716 4.274355 0.125000 47.763898 
744.368200 223.004425 779.327503 221.032820 3.903725 0.125000 22.831106 
451.871193 233.050793 491.830158 231.000885 4.193364 0.125000 28.320357 
1051.900747 197.490165 1011.918469 199.163584 3.276274 0.125000 26.990249 
813.116775 220.481575 849.319391 218.405352 3.743848 0.125000 24.128603 
673.119930 225.517569 709.348244 223.807999 4.099354 0.125000 24.658474 
135.626140 238.309157 178.124512 238.046177 3.974239 0.125000 37.370004 
983.165726 200.645195 945.664199 201.847590 3.347498 0.125000 41.352563 
528.118920 230.492900 564.349699 228.825307 4.148344 0.125000 30.621613 
1019.505073 510.892061 1016.616921 525.816949 2.929436 0.125000 3.794240 
673.026322 563.817743 687.002132 561.342945 3.551482 0.125000 4.021988 
950.581907 214.858886 985.541610 212.892464 4.360315 0.125000 38.352178 
1018.058863 212.011282 1055.575023 209.783418 4.039804 0.125000 27.455821 
1063.098609 705.843593 1075.639485 706.068952 3.771854 0.125000 6.330253 
677.429566 592.793732 684.155074 578.674805 4.083238 0.125000 6.187406 
180.649291 227.463268 136.922233 229.268868 3.809594 0.125000 39.160331 
678.459633 576.140464 672.713734 593.804442 4.425470 0.125000 10.807918 
413.134891 220.047786 401.868949 220.213410 2.609978 0.125000 0.441439 
136.866121 228.920504 21.885583 231.166718 3.895774 0.125000 97.327962 
0.619177 520.892687 11.891034 521.137878 1.955961 0.125000 0.784478 
1279.508827 232.388222 1256.848263 228.272200 3.579151 0.125000 17.507271 
850.724289 499.815175 864.421645 501.494554 3.089893 0.125000 3.802183 
496.748108 695.479413 873.069345 661.262895 3.397632 0.125000 420.736656 
271.967832 719.015659 379.343638 707.824104 2.850824 0.125000 116.745898 
379.403741 704.641154 254.376899 718.142586 3.062809 0.125000 162.778561 
1276.912023 666.332088 1228.164767 668.884491 4.012754 0.125000 79.454301 
803.139955 664.538767 560.494638 686.697498 3.126538 0.125000 303.660665 
216.930694 54.316209 159.322244 51.864736 5.447182 0.125000 95.038408 
313.153992 51.881475 218.089236 54.075033 5.815808 0.125000 154.944475 
89.449655 240.224385 114.585078 238.015148 4.543019 0.125000 16.167533 
1118.272042 219.680692 1144.470732 223.760205 4.008834 0.125000 22.922680 
1261.888766 244.303529 1277.048650 247.223421 3.727695 0.125000 9.735717 
1210.753107 235.957761 1239.466748 239.968091 4.059761 0.125000 27.159280 
218.147947 328.268167 235.600293 325.470852 4.145670 0.125000 4.817137 
854.430780 510.747171 842.197969 516.332373 2.786261 0.125000 1.201007 
39.072876 654.939005 53.355622 648.648646 4.303226 0.125000 9.926278 
918.103246 717.820914 943.153887 716.028787 4.186427 0.125000 35.416054 
1077.048106 212.027097 1102.018607 215.964193 3.637587 0.125000 23.354419 
1190.466728 217.843622 1160.451128 212.939094 3.725104 0.125000 26.211640 
1100.477269 202.621457 1075.467317 197.671740 4.406690 0.125000 23.230071 
1033.070862 646.192655 805.515679 664.247137 3.266330 0.125000 275.886154 
30.594358 240.499144 60.635136 239.830100 4.943096 0.125000 24.457235 
1203.080048 634.942033 1033.157975 646.126001 3.612186 0.125000 180.580042 
1240.396719 225.838927 1208.097361 220.802242 4.010904 0.125000 33.043409 
515.654763 338.423142 528.154977 337.175287 2.984301 0.125000 0.353134 
1278.281914 693.125062 1278.291790 668.125066 1.259382 0.125000 3.493748 
403.112902 705.508458 495.653787 695.902325 2.942754 0.125000 106.780893 
121.907174 239.670857 137.000547 238.029467 3.052323 0.125000 4.637654 
1144.196758 210.386140 1116.670710 205.533908 3.764049 0.125000 23.619073 
780.070055 474.132032 772.692360 490.982860 4.078907 0.125000 4.817137 
1178.127873 630.478138 1194.396099 630.796359 2.719540 0.125000 3.378937 
1161.957837 227.555220 1190.824613 231.751998 3.509263 0.125000 28.463994 
355.627664 60.462651 341.874685 60.496335 2.530608 0.125000 6.203018 
15.612663 231.370082 0.616774 231.121772 2.561743 0.125000 7.106108 
874.240002 661.278757 1188.048809 638.333002 3.565454 0.125000 323.566693 
734.374092 718.102651 766.820581 716.784977 3.055878 0.125000 13.317805 
706.868900 394.335275 688.175752 397.205532 3.896270 0.125000 4.817137 
16.952762 531.754966 4.340448 532.622916 5.074021 0.125000 3.012099 
1103.797108 700.104754 1107.691323 714.492381 4.926070 0.125000 4.338335 
1078.693506 704.046900 1090.554790 708.319894 6.398693 0.125000 3.753172 
1113.656283 701.388185 1090.424760 679.510289 4.011147 0.125000 43.945788 
561.978806 686.678566 403.169419 702.325819 2.965484 0.125000 195.919996 
1044.299436 707.261183 1061.992086 705.713482 2.973221 0.125000 14.636977 
328.133163 60.445391 313.124503 60.559843 2.595247 0.125000 3.975131 
1279.440095 630.540019 1209.449075 634.450732 4.099997 0.125000 57.583407 
1261.836388 695.451797 1276.927019 695.042388 3.884221 0.125000 9.754864 
61.862820 240.249366 83.130990 239.559741 2.458177 0.125000 12.547030 
1227.086807 670.059326 1260.534114 696.987887 4.917981 0.125000 74.251267 
1001.845082 711.621669 1029.257992 708.384239 3.587046 0.125000 28.514407 
1002.070898 504.775934 981.464943 514.844070 3.994874 0.125000 16.598813 
953.072026 715.097019 984.383074 711.955472 5.349392 0.125000 29.280217 
492.225752 460.514162 504.551291 463.691031 3.319332 0.125000 1.277399 
787.039649 487.452163 797.051865 489.902242 4.236763 0.125000 1.406091 
862.891659 709.539219 869.254419 718.580145 4.088899 0.125000 3.794240 
1059.500575 158.112062 1041.927875 159.895881 3.370897 0.125000 14.117536 
3.151530 533.361603 1.094098 544.461947 5.350944 0.125000 0.161573 
6.912043 543.170352 16.584840 535.269754 3.613814 0.125000 10.186191 
1160.566010 207.019370 1185.628052 205.682201 4.210861 0.125000 17.803402 
493.045096 214.370768 513.144553 215.014267 3.788079 0.125000 4.182352 
79.433185 447.459379 189.462525 436.504051 2.756920 0.125000 71.825542 
985.836480 518.494343 1005.210498 507.401086 4.181581 0.125000 19.373942 
203.133048 431.943938 113.191351 442.443386 2.381831 0.125000 70.919376 
203.105775 222.742803 219.377481 221.924332 2.622435 0.125000 8.912288 
496.987448 449.924498 510.430304 447.173582 3.924468 0.125000 2.572240 
158.135314 52.357690 139.378538 52.469344 7.507308 0.125000 25.928564 
111.899877 442.270795 75.636006 444.550104 2.266895 0.125000 17.438105 
840.631321 709.046261 861.897493 709.455143 2.667742 0.125000 9.100037 
1020.931808 521.993353 1024.517605 512.697817 3.682116 0.125000 0.353134 
521.920548 214.327349 565.607853 212.672354 2.592847 0.125000 17.702391 
1198.088498 638.814950 1276.911018 633.677637 2.954594 0.125000 91.601785 
559.136987 467.692752 566.259915 458.877971 4.488029 0.125000 6.330305 
289.373527 220.573963 340.616916 219.094905 2.078957 0.125000 25.949025 
550.625373 444.368607 563.155635 445.100537 2.933098 0.125000 2.066551 
43.127940 160.040427 3.122665 159.839219 1.432303 0.125000 22.671582 
1239.388099 158.347198 1224.366614 159.232749 2.789918 0.125000 0.353134 
667.830073 212.173428 672.903902 223.930990 5.738476 0.125000 4.054023 
0.625223 240.680836 29.379760 240.565902 3.814922 0.125000 18.020731 
548.966002 459.338183 547.708068 473.312512 4.307452 0.125000 14.117536 
471.937983 718.872941 515.588974 715.197178 2.582998 0.125000 23.230071 
119.630180 74.713458 131.205136 65.986527 3.010082 0.125000 2.230464 
294.492490 185.045256 280.554943 182.220692 3.691572 0.125000 7.179300 
380.779726 154.156729 354.557101 158.089268 3.523143 0.125000 7.762342 
219.486161 428.929448 201.975070 431.349183 2.476468 0.125000 5.543118 
721.906257 692.214872 670.630113 696.930595 2.403993 0.125000 48.437201 
99.735188 66.204336 109.580703 71.491984 2.875520 0.031250 1.599749 
945.867739 202.568473 950.007782 213.673056 5.121659 0.125000 5.184301 
93.112491 126.258550 105.607346 126.005005 2.600924 0.125000 0.441439 
330.623963 152.010980 298.125853 151.763181 2.528520 0.062500 4.899441 
523.754653 217.924782 527.708789 230.359870 5.522481 0.125000 6.094610 
246.801088 426.581515 298.546785 413.549806 3.295470 0.125000 38.600201 
515.646721 712.091905 464.409823 717.222743 2.487559 0.125000 46.916859 
569.375809 709.384311 620.672984 704.927264 2.598817 0.125000 48.447196 
673.124552 699.369591 723.092065 695.227679 2.498051 0.125000 42.216477 
400.646451 145.151070 384.260289 144.409409 3.633127 0.125000 1.699797 
854.486566 526.947180 863.708191 512.693595 4.506512 0.125000 14.920601 
1024.376807 195.702379 1058.108420 194.914840 1.658124 0.125000 17.943188 
623.108670 701.699071 569.357683 706.688437 2.489299 0.125000 48.447196 
371.479676 222.760581 376.049046 233.477173 6.070178 0.125000 7.993293 
709.862825 222.137125 706.642993 212.774895 6.723290 0.125000 3.777556 
294.601248 411.512288 245.834653 423.947207 2.919348 0.125000 37.533570 
665.625172 717.939178 730.625116 717.999313 1.296257 0.125000 31.489537 
50.513998 621.105145 40.747024 618.847178 4.498296 0.125000 3.794240 
126.871082 110.531593 105.606063 111.423512 2.864483 0.125000 5.388572 
275.636422 146.136262 256.867864 146.555585 1.640572 0.125000 6.633534 
740.693614 708.927828 774.410994 706.046157 2.384476 0.125000 15.841333 
254.772161 65.975366 245.434751 76.559887 3.528627 0.125000 7.190802 
981.775991 704.701709 998.106290 702.950523 3.861903 0.125000 1.970256 
663.288177 576.469259 654.932814 590.455023 4.083266 0.125000 9.926278 
780.117020 219.905745 777.173924 210.157370 6.705820 0.125000 1.345762 
808.790574 207.448963 812.874926 219.022110 4.506740 0.125000 8.911105 
201.972259 76.736143 193.408475 67.851755 4.337480 0.062500 0.199787 
136.774761 60.644211 139.218423 73.394577 3.447684 0.125000 7.288615 
608.125453 718.177964 650.622343 717.814394 1.399665 0.125000 15.233918 
754.421161 206.542231 771.876950 205.663748 2.622496 0.125000 2.113947 
456.806678 184.749194 444.268212 182.459874 4.694167 0.125000 1.206083 
770.619389 690.555318 820.597310 686.531109 2.491935 0.125000 40.489161 
877.540386 204.912746 881.671150 216.021156 5.993497 0.125000 0.522243 
448.103151 216.247788 481.855737 215.072029 2.454968 0.125000 10.807918 
743.439124 608.233269 742.248007 597.937239 5.397826 0.125000 3.009952 
893.113515 201.744578 910.588081 200.205758 2.709665 0.125000 0.762707 
1037.914906 700.824578 1043.438764 706.639512 4.486010 0.125000 0.443506 
895.640220 709.312749 924.210506 716.297814 3.939576 0.125000 27.159280 
730.717726 584.351326 731.158379 609.343556 5.065331 0.125000 27.616530 
852.181366 482.879003 850.473564 498.108018 4.562462 0.125000 2.087824 
1030.642108 175.391276 984.342101 176.170709 3.686349 0.125000 30.865061 
35.479351 619.818322 32.539494 627.141749 4.411406 0.125000 1.201007 
355.613632 179.512168 321.785197 176.708579 3.633946 0.125000 30.453335 
292.883538 225.943497 297.135196 236.252140 6.052099 0.125000 11.584365 
738.745496 209.813113 743.647085 221.105829 5.581980 0.125000 4.546579 
225.742474 220.164574 250.625100 221.873537 4.083784 0.125000 7.936987 
438.104810 173.446348 420.595393 172.346227 2.181547 0.125000 3.975131 
938.135394 147.419501 924.366550 147.682343 1.488349 0.125000 0.441439 
1229.308728 162.651338 1245.418262 160.397390 3.367415 0.125000 1.987120 
124.426509 53.032962 95.566804 54.316707 6.021634 0.125000 33.105358 
696.882774 207.874478 711.907095 208.340686 1.287566 0.062500 0.182418 
229.375760 199.942990 199.374141 199.983119 1.288453 0.125000 4.860595 
565.811125 227.525053 562.932946 217.280126 6.504062 0.125000 6.631183 
638.944247 225.001121 635.167910 214.863966 6.867253 0.125000 3.135440 
383.121824 104.556163 345.633343 103.899027 2.631063 0.125000 5.690157 
819.290018 683.450833 771.846358 687.813527 2.589633 0.125000 42.353391 
448.201292 220.113736 452.462081 231.166835 5.564581 0.125000 6.988959 
1186.831865 196.037803 1171.864671 194.473850 4.583202 0.125000 3.777556 
131.277078 65.220483 117.986218 55.821243 2.261994 0.125000 1.201068 
492.063164 229.695988 488.979333 219.494608 5.759796 0.125000 4.592607 
544.459289 172.532790 531.846046 174.149045 2.956351 0.125000 4.860595 
604.428423 139.727512 586.950956 142.376197 2.958476 0.125000 8.915854 
354.369650 55.231706 315.609818 55.758959 2.618785 0.125000 7.063386 
793.131626 141.080441 780.634272 141.262268 1.413529 0.062500 0.236549 
770.521421 184.738470 755.579346 186.484248 2.773227 0.125000 6.633534 
850.621516 150.445498 804.364681 151.343402 3.033238 0.125000 19.529347 
404.374452 179.358326 380.650094 180.138283 2.580795 0.125000 8.154400 
26.508715 676.162249 18.598896 689.173031 4.503009 0.125000 14.847931 
1014.220333 200.250446 1017.674470 210.351618 4.357178 0.125000 3.057596 
27.481932 686.079128 37.964394 672.069535 5.256216 0.125000 19.373942 
416.402854 232.432059 413.000962 221.915122 6.296145 0.125000 8.599676 
849.196398 217.287140 846.385838 207.544889 6.882986 0.125000 4.546579 
1054.058136 208.526900 1051.643659 199.113714 6.706639 0.125000 3.510239 
581.879107 187.025666 558.146740 187.672560 2.430952 0.125000 8.911105 
154.374861 223.117635 204.404245 222.171648 2.452290 0.125000 24.790640 
1233.194286 204.052493 1209.390366 205.830700 2.493054 0.125000 12.379707 
985.622138 672.431193 1006.871776 672.343522 3.760282 0.031250 2.261031 
704.585951 405.105505 708.336091 397.605525 4.472190 0.125000 0.443506 
0.621391 450.535269 64.419018 447.969526 2.440977 0.125000 55.809305 
531.028536 350.780742 529.611922 343.081408 3.688093 0.062500 0.214839 
190.661793 435.856915 213.189714 432.282908 2.077400 0.125000 7.288615 
65.614324 445.357833 0.618213 447.955170 2.249651 0.125000 51.606311 
338.738163 235.013667 334.930292 223.763935 7.122369 0.125000 9.708388 
575.631721 130.063508 546.872259 130.344257 2.670707 0.125000 25.349548 
721.864258 207.279187 735.637751 207.645255 1.548453 0.062500 0.214839 
1121.836735 373.642574 1146.884656 375.494398 1.983898 0.125000 11.965340 
328.673834 398.288313 295.370977 411.220861 3.439384 0.125000 28.933730 
299.428862 413.261696 332.250870 400.328919 3.100140 0.125000 30.161587 
810.626639 204.448388 863.128373 203.276071 2.003108 0.125000 37.521166 
523.144945 345.616227 527.438287 355.377240 3.935902 0.125000 5.543118 
809.379580 716.619679 791.862793 716.305444 1.496421 0.125000 1.687568 
839.533992 718.849416 859.400081 714.489276 3.662819 0.125000 3.135440 
1114.677671 716.959788 1113.306071 701.635038 4.645795 0.125000 8.209485 
609.389213 157.480013 588.121585 157.979627 1.748717 0.125000 4.672038 
965.613196 674.197623 984.446162 672.944372 2.162489 0.125000 4.672038 
985.804695 212.140981 983.318728 202.137494 6.668447 0.125000 2.538745 
1008.140166 668.354395 964.333719 671.250610 2.422434 0.125000 39.584722 
917.651351 214.741935 915.506432 204.666344 6.712311 0.125000 4.054023 
868.122799 681.839187 916.842392 678.844507 2.362519 0.125000 43.122757 
211.208242 229.042523 215.967907 237.392088 6.819971 0.125000 3.777556 
561.873526 191.862108 583.131518 189.432014 2.661596 0.125000 7.228688 
1018.171368 144.251945 986.871494 145.539785 2.497887 0.125000 20.935423 
156.874366 96.500483 290.626098 96.274153 2.601526 0.125000 174.614314 
0.622345 99.318001 45.641125 97.221207 2.380979 0.125000 41.779722 
1076.163447 199.221160 1077.133233 210.495263 6.334133 0.125000 2.834081 
345.953649 384.788470 329.297608 398.027634 3.939310 0.125000 15.952120 
381.879470 145.713220 363.051139 146.667138 2.433549 0.125000 0.968565 
646.861077 167.734013 625.596403 167.389348 3.627961 0.125000 3.294495 
916.887017 675.803741 868.105389 679.083289 2.399999 0.125000 46.664804 
985.564791 712.643812 1003.257014 710.430048 4.186577 0.125000 12.665497 
52.239345 674.295621 54.229231 683.429093 5.151491 0.125000 9.038076 
344.130735 158.509013 326.940647 163.357736 2.930492 0.125000 8.052696 
504.375473 194.101826 471.873405 194.045509 2.534651 0.125000 10.015905 
330.541841 401.756554 353.254990 385.810151 3.983479 0.125000 15.631773 
1016.906897 684.988712 1036.917809 683.948657 2.821032 0.125000 2.781653 
395.611749 74.939315 369.371549 75.446397 1.636187 0.125000 12.524648 
89.364647 189.314926 71.532580 192.388126 3.823935 0.125000 2.087824 
514.090309 354.851305 518.290130 346.339700 3.916014 0.125000 3.975131 
273.126613 179.395398 294.441009 177.709558 2.787895 0.125000 4.592607 
1163.126042 216.803940 1163.410941 226.831361 6.282980 0.125000 2.738381 
601.888252 212.106968 635.670816 210.176951 1.569070 0.125000 9.914137 
450.667614 156.304767 413.097191 153.497127 2.958813 0.125000 16.923881 
258.764802 236.437408 254.153920 225.879722 6.728167 0.125000 9.798210 
874.364929 122.552687 861.867689 122.366958 1.967599 0.125000 0.441439 
1.865415 346.729800 61.851556 342.769868 1.588848 0.125000 36.089975 
1117.874074 206.649973 1119.013295 218.036123 6.218950 0.125000 0.136726 
61.872898 340.592879 1.884347 344.517864 1.760161 0.125000 38.700896 
1026.854875 695.385455 1042.990983 694.029807 4.668503 0.125000 5.583662 
1145.932237 376.044026 1276.848126 424.447685 2.551481 0.125000 160.801785 
54.393877 172.606318 36.871593 171.968612 1.658335 0.125000 2.590658 
250.631353 106.021869 230.616472 106.342268 1.509937 0.125000 9.815378 
220.619675 316.367649 218.671311 325.988769 5.163995 0.125000 1.987120 
119.369705 339.170364 74.367491 340.334777 1.734568 0.125000 31.489537 
194.960061 239.412026 194.123538 224.389002 2.913108 0.125000 8.162882 
488.159616 144.577553 476.813742 146.516553 2.885415 0.125000 0.441439 
884.483257 157.271427 860.641161 154.247573 2.637408 0.125000 3.510239 
1195.613703 126.062831 1134.372222 124.482669 1.378552 0.125000 33.295717 
1210.849404 223.118175 1211.191262 234.357777 6.285113 0.125000 2.834081 
168.161991 179.864127 184.413576 178.635088 2.869934 0.125000 11.621558 
1058.145733 364.255836 1000.435391 354.214762 2.305051 0.125000 48.277166 
1259.397925 186.360614 1244.372061 185.690940 1.693999 0.125000 0.784478 
1278.125000 419.375000 1278.125000 316.875000 1.250000 0.125000 59.485327 
653.219533 172.380862 644.313368 174.045196 2.457459 0.062500 0.236549 
1047.471146 708.501617 1062.630744 718.849110 4.506670 0.125000 8.159135 
524.574069 140.965167 506.881886 143.180008 3.099866 0.125000 4.843824 
1145.052196 222.118670 1143.694986 211.965903 4.955915 0.125000 4.021988 
1275.663477 170.006585 1254.340313 171.305634 3.179477 0.125000 6.401791 
715.614758 160.410881 696.847906 161.308591 1.606924 0.125000 2.590658 
323.177902 193.661441 346.890240 195.419441 3.047675 0.125000 11.496375 
350.643717 77.534926 321.881400 78.350671 1.533000 0.125000 5.746747 
549.452195 422.917750 550.684755 430.810864 4.476531 0.125000 2.933651 
1011.687147 359.304423 1070.731132 368.708657 2.391760 0.125000 41.268049 
480.600407 197.617556 505.662702 196.402933 1.831469 0.125000 7.288615 
350.626965 139.166153 338.128072 139.048537 2.558700 0.062500 0.214839 
1278.125000 276.875000 1278.125000 249.375000 1.250000 0.125000 5.299928 
956.918396 155.464997 944.327503 152.050125 3.394436 0.125000 3.802183 
999.606279 353.540075 969.493126 345.198560 2.262404 0.125000 20.479265 
1191.693548 230.842844 1189.935346 219.289724 5.990793 0.125000 2.834081 
1277.062962 421.370360 965.299547 305.248777 3.158861 0.125000 273.180256 
1150.590328 151.386859 1129.384248 150.421782 2.611071 0.125000 16.137008 
129.379838 124.569142 108.111896 125.099145 1.623300 0.125000 6.633534 
26.826776 192.006515 15.634047 191.615816 3.791324 0.125000 0.443506 
111.885294 92.623382 85.620703 92.084380 1.685738 0.125000 5.553764 
1101.433148 214.435577 1101.072356 204.358982 5.265163 0.125000 8.029929 
1260.956758 232.937677 1261.631721 243.141093 6.236370 0.125000 4.285627 
186.337299 226.811814 187.456992 239.434257 3.042469 0.125000 8.912288 
519.370858 185.576099 503.131490 186.951626 2.077082 0.125000 1.323486 
1240.195614 239.480367 1239.404621 226.873142 6.785643 0.125000 7.016709 
1058.202599 696.077322 1040.786302 699.065219 4.082569 0.125000 9.594948 
308.266894 352.290458 269.366274 345.676323 2.354470 0.125000 29.478660 
305.624534 190.618069 294.341495 191.376642 2.913618 0.125000 0.441439 
61.562198 678.631358 57.421869 665.852819 5.175119 0.125000 20.479265 
958.275024 312.185196 944.191881 318.996374 2.905299 0.125000 6.330253 
1278.125000 309.375000 1278.125000 289.375000 1.250000 0.062500 2.590658 
190.631292 158.583549 176.866732 158.772407 2.602659 0.062500 3.566312 
1083.117505 194.449790 1096.854800 195.826552 3.108050 0.125000 1.277399 
106.927862 180.763405 89.155833 187.551166 4.670910 0.125000 11.268121 
628.249055 172.700847 661.805180 167.660203 2.907304 0.125000 11.262411 
951.854449 318.055978 974.231540 311.393188 2.981580 0.125000 6.401791 
1071.831120 368.542701 1120.698404 373.676248 2.089518 0.125000 34.890717 
256.877429 144.402849 274.353514 142.878643 2.273328 0.125000 7.106108 
313.408583 356.193986 342.346009 368.243889 3.847675 0.125000 14.763275 
388.114981 175.415880 406.881791 174.516733 1.846776 0.125000 8.009198 
964.202383 343.406876 945.555823 331.987963 3.784770 0.125000 6.425236 
1278.125000 628.125000 1278.125000 426.875000 1.250000 0.125000 130.829436 
96.875000 341.875000 110.625000 341.875000 1.250000 0.007813 4.562661 
138.125000 339.375000 126.875000 339.375000 1.250000 0.007813 5.600958 
1278.125000 663.125000 1278.125000 635.625000 1.250000 0.125000 5.299928 
268.142981 185.059962 239.342590 184.143460 3.469796 0.125000 21.286072 
600.620113 120.456846 543.132341 122.127604 3.203719 0.125000 36.456179 
813.125000 718.125000 838.125000 718.125000 1.250000 0.125000 2.590658 
19.343198 150.154384 4.411382 151.163398 2.747140 0.125000 4.672038 
99.373834 104.692963 121.873532 104.775456 2.545813 0.125000 6.390233 
1131.817483 372.396791 1059.371028 364.411038 1.966686 0.125000 49.877692 
640.572033 181.923895 615.565540 183.026641 3.305803 0.125000 5.381916 
800.624933 129.443947 771.876183 129.415827 2.523229 0.125000 5.846264 
943.837778 336.816228 972.881693 349.914505 3.463116 0.125000 17.462973 
291.884090 195.216520 319.370478 195.828193 2.860914 0.125000 5.535395 
268.238116 345.571305 220.662452 341.443354 2.439345 0.125000 20.612298 
1170.657467 114.951550 1214.409507 112.487776 1.933814 0.125000 10.246043 
662.363533 593.243847 664.939706 582.654196 5.744725 0.125000 1.492684 
65.617910 146.634114 24.330095 147.849321 4.078465 0.125000 23.158304 
868.117632 152.837402 884.356974 152.421373 1.633743 0.125000 0.337161 
1019.482641 679.250102 1007.982990 669.339373 3.395007 0.125000 8.052696 
1267.597975 717.009240 1266.161232 697.990065 4.138364 0.125000 34.198807 
703.126883 183.176734 686.898375 183.767318 2.680185 0.125000 2.933651 
308.119565 154.559566 341.877099 155.553722 2.609306 0.125000 16.086377 
974.244831 349.893794 1011.884339 359.337781 2.446813 0.125000 30.515147 
1159.353714 175.322160 1139.364610 176.727177 1.685149 0.125000 3.493748 
343.124015 364.377269 329.271340 358.363792 2.790997 0.125000 6.633534 
1078.099348 695.219733 1059.345364 696.406778 2.413549 0.125000 0.762707 
1063.136850 142.060957 1041.893460 143.414683 1.644942 0.125000 4.396838 
216.900020 340.891277 139.386578 338.919789 2.086020 0.125000 27.974891 
640.628366 210.688158 664.377534 209.422548 1.846900 0.125000 8.912288 
456.866084 146.232672 433.120659 146.562285 1.475426 0.125000 6.633534 
975.476312 312.271612 1132.879049 371.281054 2.641656 0.125000 128.541226 
1258.011056 696.685486 1259.628790 717.053407 4.885333 0.125000 34.014716 
75.612405 342.891709 95.621571 341.811485 1.854647 0.125000 7.106108 
295.665044 352.942968 310.759522 356.263490 2.026481 0.125000 3.493748 
320.639386 81.796959 304.477729 78.817721 3.687864 0.125000 1.970256 
329.031546 358.119675 309.164568 352.637605 2.824886 0.125000 8.069014 
421.868293 134.349535 408.947708 137.752751 2.694702 0.125000 2.066551 
668.138833 209.674451 695.637895 208.404151 1.537075 0.125000 2.051243 
976.905461 146.186857 960.635515 147.068943 2.902355 0.125000 5.483052 
348.057328 189.758596 361.918035 188.675974 3.076434 0.125000 4.613566 
176.874728 341.879165 189.402950 342.696672 1.735707 0.031250 7.106108 
13.106119 513.347914 15.894616 497.947486 4.687113 0.125000 1.973406 
223.112747 117.852186 245.623478 116.841123 1.809610 0.125000 10.718468 
359.376441 168.101199 378.133354 169.237054 1.852173 0.125000 2.206506 
280.650366 350.477618 294.422683 352.847950 1.867943 0.062500 4.998898 
997.939907 151.164983 1008.218942 148.485361 4.259369 0.125000 5.471141 
54.281140 180.875743 70.659105 180.192298 5.412585 0.125000 6.077989 
105.783124 120.181503 123.275819 118.836493 4.551944 0.125000 0.105371 
244.335566 346.001647 266.979962 348.372483 2.095924 0.125000 4.637654 
990.636019 179.596129 1014.389326 178.412501 1.683923 0.125000 8.009198 
53.120622 634.536891 51.927926 625.295518 2.753592 0.125000 0.784478 
181.676802 184.557125 163.326911 187.962880 3.775516 0.125000 0.522243 
280.207083 182.547656 266.597188 185.660268 3.551806 0.125000 7.190802 
358.111934 92.519509 326.876480 93.193562 1.573330 0.125000 7.288615 
663.132357 118.848755 644.371589 119.039454 2.601513 0.125000 9.038076 
1144.369404 122.083307 1205.623299 122.318361 2.687052 0.125000 23.704340 
376.582768 123.174925 365.100475 125.970993 3.016545 0.125000 1.201007 
755.635264 140.238755 730.619711 139.574021 2.499118 0.125000 10.658293 
569.419866 101.259534 548.187632 102.760800 2.581938 0.125000 8.882097 
784.418666 704.890838 818.138664 702.036417 1.772727 0.125000 13.248173 
286.911575 161.277411 304.356748 160.299417 2.845913 0.125000 7.190802 
251.863137 221.643466 271.938527 220.614863 2.368800 0.125000 7.190802 
98.095224 208.419260 140.592918 207.095238 3.125381 0.125000 21.292761 
268.066542 348.524801 279.438949 350.187643 1.931151 0.062500 3.794778 
770.632135 87.153279 755.641991 87.537642 1.537956 0.062500 0.509572 
31.875000 124.375000 0.625000 124.375000 1.250000 0.125000 4.860595 
396.865204 217.891497 438.147427 216.159581 2.078641 0.125000 36.089975 
1129.374743 130.642710 1205.626824 131.749286 2.029810 0.125000 61.142165 
126.872694 341.810635 175.624941 341.905473 1.250000 0.125000 20.652458 
449.384753 235.964447 195.628737 243.255069 2.047271 0.125000 156.643000 
650.630010 95.547403 631.797105 94.331450 2.333727 0.125000 3.757639 
76.871360 124.060191 44.375704 124.435917 1.365532 0.125000 7.106108 
1004.615950 674.009788 1013.881606 680.122845 3.485144 0.062500 4.691523 
924.444183 137.551847 936.814938 136.287387 2.614147 0.125000 1.687568 
75.625000 130.625000 46.875000 130.625000 1.250000 0.125000 6.203018 
924.400520 218.788577 679.378339 228.211813 2.161704 0.125000 116.195353 
70.623605 175.592600 55.651370 176.237357 1.571520 0.062500 1.386538 
238.181253 405.613278 240.230281 415.446783 2.842385 0.062500 0.887461 
110.797281 201.251321 92.093319 196.084657 2.822540 0.125000 1.987120 
562.089720 438.433804 558.497590 426.391013 3.988277 0.125000 0.408842 
67.632823 449.370311 67.994862 604.378223 5.157640 0.125000 313.847973 
269.191108 120.053644 283.108670 115.574263 2.844722 0.125000 2.113947 
1090.158327 150.207231 1065.991467 177.203064 4.115725 0.125000 52.619061 
573.111740 212.919600 593.109092 211.628592 1.730589 0.125000 4.396838 
67.933907 606.849150 67.225312 680.616358 5.311944 0.125000 167.518117 
614.396483 178.955690 599.371878 178.185932 1.760023 0.125000 0.441439 
66.861155 690.616161 66.768797 716.883417 5.087871 0.125000 70.322407 
66.388761 386.830426 67.054314 416.898699 3.776743 0.125000 42.792045 
76.422569 716.876429 76.197979 449.373469 6.344450 0.125000 411.803696 
220.621877 202.971627 238.114626 202.615471 2.078042 0.125000 0.353134 
353.130953 47.725674 335.634840 47.464869 1.473433 0.125000 3.493748 
600.645265 182.179312 614.334556 181.267684 2.577534 0.125000 1.201007 
1042.864336 689.724470 1065.377545 693.393421 4.331721 0.125000 13.856270 
1205.633827 115.814235 1175.640782 117.213321 1.423379 0.125000 9.815378 
951.849327 198.531766 974.366512 197.846208 1.835802 0.062500 0.887461 
1180.639212 211.785673 1193.218542 213.787061 4.545081 0.062500 0.133502 
1076.544433 175.344634 1106.361051 140.189102 3.608317 0.125000 68.022091 
964.358867 304.417705 874.441321 270.449443 2.364610 0.125000 57.677236 
398.126104 171.904393 378.154269 172.654405 1.671299 0.125000 5.299928 
1236.781141 188.811177 1258.144373 191.733368 3.154555 0.125000 8.599676 
314.014089 128.709643 299.099467 125.775636 4.141918 0.125000 2.738381 
201.883963 32.819531 188.109145 32.415374 1.579398 0.125000 1.687568 
314.445385 171.306684 300.585019 172.737783 3.385450 0.125000 3.794240 
134.365528 128.814667 110.622313 129.216035 1.524481 0.125000 2.206506 
299.339029 93.500947 323.110605 95.775444 2.131460 0.125000 2.386356 
30.590093 187.744083 48.112032 188.447858 2.949482 0.125000 14.305785 
335.636480 85.812738 299.369216 88.030417 2.468354 0.125000 18.433785 
1277.060646 312.438609 1214.410479 295.493824 2.026923 0.125000 38.657326 
190.580144 342.634071 243.118280 345.738726 1.832004 0.125000 33.773990 
270.603267 126.023117 250.662691 124.934566 2.360012 0.125000 5.543118 
218.151884 181.304654 236.872593 180.564151 1.594861 0.125000 2.590658 
352.887984 372.176588 343.669655 364.931960 2.738010 0.125000 0.337161 
1212.092672 152.628859 1224.630174 149.008740 2.562529 0.031250 1.089736 
65.025184 344.356162 66.221454 385.643936 3.404007 0.125000 50.741785 
331.865115 170.402049 355.623831 169.348641 3.635584 0.125000 2.560355 
418.180464 168.597296 435.680602 169.845352 2.671507 0.125000 3.057596 
619.405538 188.575567 636.909849 187.389172 2.071639 0.062500 1.808636 
86.769215 215.047596 98.097014 212.972246 2.684332 0.062500 2.021280 
343.102029 218.685270 358.128021 219.301325 1.658599 0.125000 1.687568 
485.634802 234.621601 451.888435 235.962985 1.596543 0.125000 6.390233 
410.635880 63.886778 399.363622 63.635571 1.472489 0.062500 0.509572 
46.875000 133.125000 75.625000 133.125000 1.250000 0.125000 5.299928 
268.068665 198.404478 288.146132 197.239060 2.423363 0.125000 8.052696 
1173.110211 117.078587 1135.626407 114.355625 1.880677 0.125000 20.479265 
623.106980 230.094124 528.131549 233.317931 1.947295 0.125000 37.261850 
865.685118 270.465568 966.710921 308.560132 2.109997 0.125000 54.899381 
198.131616 203.307624 219.398989 202.537180 1.430195 0.125000 1.687568 
1226.880350 60.844966 1210.639959 61.240000 1.523196 0.125000 0.784478 
46.865257 196.755772 33.104999 197.880252 1.754896 0.062500 2.590658 
0.654777 214.839094 36.915903 212.512496 2.094678 0.125000 14.920601 
598.118134 196.429883 619.382356 196.101871 1.539046 0.125000 13.427738 
319.375877 143.139910 301.862944 144.170041 1.835040 0.125000 3.493748 
49.353567 192.439382 29.334055 193.065215 2.576894 0.125000 0.408842 
75.732692 443.102529 74.843316 389.367249 3.439196 0.125000 72.101475 
1045.614427 260.264115 983.131438 262.094737 1.286071 0.125000 28.927245 
1198.599405 599.553091 1204.306837 584.349412 3.219142 0.125000 9.914137 
1230.614090 290.303127 1198.109066 291.404920 1.418666 0.125000 11.621558 
539.371835 145.571910 525.596272 146.393075 1.694070 0.062500 1.412761 
0.570716 209.694035 21.893991 208.450690 2.059183 0.125000 6.415337 
66.930118 421.874695 67.047818 443.130965 2.617625 0.125000 17.040098 
286.796815 137.388083 308.203711 135.116877 3.277333 0.062500 0.839079 
669.365807 227.925946 631.888018 229.656863 1.364009 0.125000 14.330828 
889.386227 268.406509 935.612558 266.563007 1.398438 0.125000 19.749368 
74.574308 383.161371 73.230030 344.328093 3.012592 0.125000 55.872967 
605.670819 201.105932 630.563963 198.734331 0.764522 0.062500 0.182418 
944.359433 263.985623 889.347415 266.185026 1.449356 0.125000 20.068432 
493.133719 46.952103 473.107104 49.216741 2.225280 0.125000 2.230464 
73.127323 246.757672 4.375049 246.898680 1.303835 0.125000 32.507505 
62.642421 259.355538 64.640661 338.149963 2.657647 0.125000 74.251267 
1125.520336 187.656135 1103.025150 192.677699 3.126302 0.125000 5.583662 
1221.956830 265.290566 1275.556377 278.405459 1.666213 0.125000 20.095286 
1054.377215 213.174933 1018.143070 214.782327 1.250000 0.125000 9.297275 
875.626998 141.896528 889.374622 140.620921 1.822095 0.062500 2.590658 
43.125000 226.875000 13.125000 226.875000 1.250000 0.125000 7.106108 
211.896992 5.060000 193.126776 4.329374 1.686626 0.125000 3.493748 
1140.624414 179.365051 1166.930429 177.816770 2.569125 0.062500 4.670149 
72.884322 336.916146 70.778404 260.620766 2.679395 0.125000 74.462397 
161.868727 244.097786 114.364766 245.172783 1.532478 0.125000 25.349548 
943.132448 265.852565 999.363130 264.012292 1.250000 0.125000 26.070998 
1213.116040 298.158290 1269.331045 313.288314 1.531917 0.125000 21.658630 
361.874014 7.293436 334.374167 7.228651 1.297113 0.125000 3.493748 
1276.875000 288.125000 1255.625000 288.125000 1.250000 0.125000 0.784478 
988.145362 216.091256 939.379191 218.220957 1.521498 0.125000 23.132040 
1251.831995 269.554159 1223.229783 262.688477 1.604082 0.125000 5.543118 
239.122292 203.611642 251.523677 210.051546 2.261484 0.125000 1.323486 
850.605470 192.808258 875.587564 191.267863 2.187546 0.125000 10.645665 
1254.375000 290.625000 1276.875000 290.625000 1.250000 0.125000 0.784478 
1278.125000 116.875000 1278.125000 89.375000 1.250000 0.125000 5.299928 
871.910224 199.076941 844.497629 195.837348 2.268281 0.125000 6.800182 
1069.375000 259.375000 1049.375000 259.375000 1.250000 0.031250 10.116408 
185.647499 243.488912 166.891908 244.648475 1.479020 0.125000 1.687568 
1215.574004 260.839175 1186.958205 254.025558 1.331702 0.125000 7.106108 
944.375776 86.886099 930.605703 87.849051 1.770158 0.125000 0.784478 
1003.125000 263.125000 1024.375000 263.125000 1.250000 0.062500 4.998898 
1185.625165 151.862459 1161.879289 151.549526 1.381664 0.125000 2.590658 
979.375000 263.125000 948.125000 263.125000 1.250000 0.125000 8.009198 
1124.358418 256.526073 1086.883651 258.307029 1.250000 0.125000 11.621558 
1188.081179 257.055189 1218.128060 264.362416 1.410785 0.125000 4.672038 
1094.480033 233.938982 1118.065835 239.620607 1.348062 0.125000 2.590658 
124.375160 118.153225 149.374359 118.011725 1.278280 0.125000 2.590658 
796.898532 105.435287 776.896182 102.954232 1.702099 0.125000 1.201007 
568.120606 125.358785 598.133062 124.863403 1.641791 0.125000 5.388572 
511.880870 8.032655 499.352035 7.236314 1.723227 0.062500 2.590658 
0.625000 420.625000 0.625000 445.625000 1.250000 0.125000 3.493748 
