6.576763 260.563986 4.217036 272.098410 3.172830 0.125000 2.933651 
25.551071 258.104716 22.418008 269.523983 2.741639 0.062500 0.710556 
367.947619 286.642300 371.224093 301.745029 2.708184 0.125000 3.757639 
102.975857 253.082318 99.716183 264.472640 3.261354 0.062500 0.706807 
632.307313 335.509304 630.499780 348.284147 2.300224 0.125000 0.441439 
110.957023 264.643305 107.632535 253.268937 2.953187 0.125000 3.975131 
1103.182226 439.542774 1100.178467 418.187809 3.558386 0.125000 23.728786 
646.899998 679.742173 661.915501 678.719879 3.173479 0.125000 11.965340 
744.658933 355.574774 747.736526 372.972600 3.257192 0.125000 8.882097 
708.372308 348.178682 705.409473 361.828217 2.509347 0.062500 1.808636 
78.628702 267.889244 82.559423 255.446334 2.822752 0.125000 0.353134 
0.742054 271.910760 4.205609 260.573252 2.390919 0.125000 0.441439 
757.615112 358.027586 754.948629 371.984592 2.690157 0.125000 5.746747 
1071.028179 432.956013 1075.010037 413.002281 3.677492 0.125000 11.848279 
620.502716 331.645606 623.825863 347.982434 3.176414 0.125000 4.843824 
680.698890 343.111105 683.735802 359.260135 2.992340 0.125000 11.075555 
1010.969016 420.748441 1008.392538 401.838548 3.209409 0.125000 16.948447 
826.766395 369.355653 823.845246 385.753308 2.899708 0.125000 3.887300 
70.747204 256.837453 74.121211 267.818918 3.217501 0.125000 3.975131 
901.634647 399.339227 904.055003 383.077373 3.525124 0.125000 0.446103 
912.959546 548.536294 995.454791 532.262189 3.420445 0.125000 56.643978 
33.700735 269.550362 30.722645 258.099605 2.782909 0.125000 3.090413 
900.574540 383.115821 897.592974 399.505611 3.018279 0.125000 8.915854 
225.991644 265.128166 230.284168 279.095591 2.778801 0.062500 1.775228 
273.651356 272.691240 277.101329 286.819734 2.777929 0.125000 0.443506 
1070.262198 413.323555 1066.027613 432.244855 3.386478 0.125000 17.830422 
516.758487 703.270911 514.680392 719.414312 2.639133 0.125000 7.520912 
414.151000 295.668216 416.798308 309.389796 2.691528 0.125000 2.933651 
446.343343 714.122694 452.333843 701.499545 3.866334 0.125000 0.662071 
1052.514121 411.982794 1055.798275 430.594424 3.186204 0.125000 18.203751 
627.499091 347.987897 630.487546 334.344891 2.442099 0.062500 5.443009 
893.556177 399.142201 898.111144 383.121060 3.265210 0.125000 11.668660 
965.308142 395.677723 968.208950 413.111031 3.290809 0.125000 17.311617 
465.681244 287.176934 441.871913 288.039813 5.041991 0.125000 13.582172 
885.839790 380.812949 889.175236 399.184323 3.469924 0.125000 11.447041 
812.899918 366.913060 815.846330 384.337574 3.090240 0.125000 13.426084 
1093.829015 417.113875 1087.988018 434.328521 3.191915 0.125000 12.379707 
7.984510 271.855680 9.549257 260.477068 2.362571 0.062500 0.509572 
440.444623 295.638918 441.794337 313.131224 2.396426 0.062500 2.332100 
740.756995 642.392421 729.296195 645.316082 2.731402 0.125000 0.441439 
653.993766 663.672619 644.697171 668.718564 2.670816 0.125000 0.441439 
650.703999 668.464229 661.927517 665.850513 3.368760 0.125000 2.933651 
981.364090 398.014143 977.771900 414.569609 3.134612 0.125000 12.547030 
852.016033 390.789871 849.389457 373.122851 3.391914 0.125000 14.987750 
1002.696855 400.898573 997.328498 417.025957 3.164903 0.125000 13.746073 
551.038063 700.622976 551.007825 713.125926 2.521154 0.031250 0.199018 
855.405286 615.590380 852.593545 633.435177 4.160833 0.125000 9.002605 
689.108158 653.812932 672.941338 661.488140 2.283550 0.125000 0.443506 
781.248667 376.968096 778.804461 360.524007 3.074194 0.125000 15.233918 
161.964734 268.312922 160.125301 256.955934 2.467841 0.125000 1.687568 
693.138299 345.627230 690.827329 359.408927 2.258858 0.125000 2.206506 
820.544362 384.353727 824.488053 369.404825 3.055008 0.125000 7.190802 
928.061844 405.804396 925.455641 386.727369 3.322976 0.125000 17.830422 
965.443201 614.310254 966.655585 634.312534 2.417504 0.125000 3.887300 
482.895791 709.331382 483.326865 719.419786 2.871265 0.125000 4.860595 
1061.248718 431.650926 1067.905140 413.046338 3.530815 0.125000 12.336041 
687.666813 359.268264 690.833721 345.673622 3.002003 0.125000 0.584686 
253.730510 282.008744 251.337483 270.477146 3.001838 0.125000 4.860595 
542.987983 698.078386 543.669566 714.352192 2.916266 0.125000 6.330305 
1161.041159 448.233042 1157.156017 463.197957 3.094539 0.062500 0.577655 
572.821483 690.580376 573.588705 706.853137 3.027048 0.125000 12.547030 
973.299874 414.434900 979.321012 396.856508 3.175222 0.125000 14.305785 
751.616355 371.807146 755.539597 356.852595 2.992862 0.125000 3.057596 
844.522843 371.912899 840.683529 386.890004 3.322150 0.125000 1.196104 
1057.992160 421.881785 1057.419006 410.661062 2.303817 0.062500 0.887461 
348.577077 297.032658 345.868430 283.323883 2.467392 0.125000 3.090413 
982.147032 415.674050 985.360508 397.851925 3.146184 0.125000 11.512187 
715.293541 364.425093 712.993492 349.205964 3.032300 0.125000 10.186191 
646.808213 336.860829 644.162452 349.329900 2.524418 0.125000 3.493748 
547.135238 713.153428 546.739606 699.378889 2.786071 0.125000 4.637654 
1246.876566 639.227346 1269.387291 639.466084 2.672189 0.125000 13.353668 
134.339612 637.622564 150.684610 636.471349 3.372050 0.125000 8.069014 
565.606061 693.075514 566.210070 708.101482 2.799222 0.125000 3.757639 
570.048401 708.202239 569.410786 693.123487 3.535412 0.125000 11.668660 
322.257588 283.296015 323.964925 291.955849 2.210994 0.031250 2.962469 
181.268880 260.476903 184.125130 272.894962 2.533801 0.125000 2.206506 
181.030180 57.227791 186.847539 71.158460 3.561867 0.125000 7.179300 
171.775669 70.586793 176.866151 57.352397 3.320442 0.125000 2.386356 
653.579396 353.250801 651.011639 337.011515 2.727859 0.125000 9.297275 
919.910220 385.772188 915.491940 401.838408 3.284316 0.125000 5.668122 
633.476859 348.157622 634.636569 335.649251 2.210519 0.062500 0.887461 
301.131836 289.536176 298.374178 276.820959 2.443201 0.125000 2.206506 
904.275054 676.264989 885.616331 679.322093 2.285894 0.125000 6.633534 
577.209009 705.732707 576.520788 691.892614 3.559128 0.125000 1.987120 
985.234233 403.409377 991.993991 412.698080 4.042782 0.125000 0.762707 
1008.126308 661.882785 978.133224 666.923930 2.258229 0.125000 19.595854 
393.965346 304.444587 391.625043 290.667460 2.697706 0.125000 4.860595 
1087.679135 428.725405 1081.544933 421.131862 4.114348 0.125000 2.903486 
774.168303 359.327197 770.685012 374.388879 2.717363 0.125000 0.584686 
207.379838 275.782159 204.749317 263.309687 2.512883 0.125000 0.441439 
512.113816 719.563281 509.963617 708.015400 2.915389 0.125000 3.975131 
664.384049 672.006461 649.283513 673.045854 4.342003 0.125000 1.786979 
274.570707 70.626309 274.654297 58.126868 2.550099 0.031250 2.449104 
517.916554 719.544950 520.199203 705.555523 2.869969 0.125000 3.757639 
694.040227 360.586159 695.774036 345.642291 2.339281 0.125000 2.206506 
338.135836 70.145029 354.382619 69.916396 3.855162 0.125000 21.774859 
758.565731 371.931986 760.355456 358.090148 2.799938 0.125000 2.051243 
311.885830 70.010058 329.380742 69.711702 2.691464 0.125000 9.815378 
705.250887 654.369018 704.990806 670.634846 1.469667 0.125000 0.441439 
562.673115 709.435661 562.137560 694.410195 3.346889 0.125000 5.543118 
493.336246 705.232979 482.148900 707.987450 2.445889 0.125000 0.784478 
978.124803 669.373783 1008.145973 664.504303 2.667885 0.125000 17.438105 
153.203319 71.821439 144.327701 72.402438 2.984563 0.125000 0.441439 
527.543788 698.094721 527.879659 719.378872 4.045378 0.125000 11.513569 
827.744766 385.571468 830.036688 369.292173 3.539113 0.031250 4.042975 
748.731468 652.788196 753.914895 642.884196 3.374230 0.062500 0.706807 
441.036969 314.365031 441.794219 345.657204 2.499268 0.125000 24.606144 
1028.367555 565.441312 977.853577 576.931781 2.594508 0.125000 42.887484 
598.776134 699.382922 598.610581 686.868576 1.415239 0.125000 0.784478 
980.722358 578.561757 1029.288250 567.735835 1.903755 0.125000 35.194167 
157.718232 70.634776 157.417255 58.111967 2.559347 0.125000 0.337161 
977.213026 577.199017 957.619094 597.640059 2.781944 0.125000 17.403432 
133.112069 671.527169 137.944557 653.981033 3.737904 0.125000 14.847931 
433.174256 687.066266 313.392459 717.913560 3.708152 0.125000 189.139881 
591.879689 703.286282 590.898612 688.107315 3.580943 0.062500 0.470812 
1161.794143 489.370412 1164.064378 449.357376 2.752669 0.125000 23.230071 
595.632711 342.032059 593.571256 325.726615 3.264188 0.125000 9.780200 
594.957935 686.866125 595.148484 699.382255 1.440136 0.125000 1.687568 
672.466357 665.591631 671.831485 678.122795 2.124790 0.125000 0.784478 
173.281306 718.778808 421.868730 659.348774 3.022755 0.125000 303.565724 
296.910026 51.952046 219.365070 53.998775 7.002672 0.125000 110.689778 
132.542367 651.994074 128.968288 672.025463 3.558944 0.125000 8.209485 
734.757501 647.535621 744.137949 659.853615 3.549414 0.125000 5.001067 
980.488404 590.697177 979.962518 580.594418 2.496620 0.125000 0.784478 
1096.925272 672.106030 1085.664472 674.556398 2.974399 0.062500 0.153431 
142.817571 70.630617 142.588854 58.111958 2.682253 0.125000 1.323486 
462.455124 304.506850 465.344035 319.184268 2.713798 0.125000 3.802183 
445.391522 290.735937 539.377595 306.859872 3.509748 0.125000 104.857948 
648.411005 689.933688 663.237924 687.589128 3.835963 0.125000 4.380431 
239.370700 77.413262 308.133294 76.997801 4.962147 0.125000 72.523719 
106.879693 76.442697 196.882656 77.419840 4.687591 0.125000 117.577174 
368.190048 451.436250 356.819336 449.750455 2.656288 0.125000 0.441439 
1227.924834 657.559044 1215.635754 661.905407 3.607319 0.125000 3.794240 
218.166930 53.602812 136.848217 51.916657 5.859957 0.125000 126.534845 
356.843960 474.161124 369.441449 472.332858 4.608776 0.015625 1.374884 
543.517604 310.650159 544.764693 353.150244 2.792230 0.125000 50.436970 
888.437706 661.928860 890.182503 651.798785 3.695583 0.125000 2.933651 
1174.408782 639.614097 1223.070423 632.738722 2.273374 0.125000 31.001577 
964.726801 593.489839 980.665519 578.120696 2.602979 0.125000 3.799675 
1025.341444 706.302323 1007.807632 714.984035 3.904381 0.125000 9.798210 
977.949360 581.865371 976.712022 604.434595 1.880405 0.125000 6.415337 
677.393959 679.336760 678.179869 664.312483 2.561884 0.125000 5.746747 
554.826213 711.898031 554.428026 698.087431 2.751137 0.125000 2.051243 
1214.237613 656.411457 1195.639425 661.923671 3.505891 0.125000 5.064359 
545.808233 301.414441 524.534541 299.135623 5.548762 0.125000 14.019414 
452.499777 701.614270 435.149825 690.649021 3.558819 0.125000 12.416033 
1063.614998 615.622002 1063.545950 633.126660 3.759832 0.125000 2.538745 
223.659783 525.507092 226.461847 538.216091 3.248770 0.125000 7.520912 
147.560140 652.989446 151.224244 671.509129 2.658113 0.125000 0.408842 
1221.858776 630.514745 1195.624997 634.374982 2.365674 0.125000 14.987750 
1050.567460 373.100119 1046.136795 383.346311 3.286907 0.062500 2.444865 
541.406173 330.695077 539.341194 316.880053 3.026898 0.125000 9.815378 
518.439489 327.945030 521.034878 314.453851 2.218844 0.031250 1.089736 
1085.643214 463.033931 1070.498990 460.005038 2.941748 0.125000 3.794240 
1275.836581 647.419077 1259.187750 653.893490 3.300886 0.125000 5.184301 
1249.481431 647.265234 1236.577601 650.784571 2.850484 0.125000 0.443506 
1066.836981 696.687303 1049.053829 700.289426 3.907846 0.125000 4.054023 
1225.630052 594.065241 1210.634042 593.820651 5.060491 0.125000 3.135440 
418.182531 718.445464 435.353541 715.362881 4.574483 0.125000 7.126303 
512.834908 313.175395 515.226848 326.944168 2.624922 0.125000 2.066551 
1124.021417 549.381463 1123.868224 570.630358 2.581039 0.125000 13.746073 
801.935301 677.382477 817.038718 678.609042 3.535333 0.125000 6.390233 
490.319313 321.928251 487.884159 307.949204 2.947614 0.125000 4.613566 
319.375243 718.190427 404.374066 717.874099 1.384897 0.125000 46.842067 
444.713833 345.618106 443.620633 291.890349 3.236910 0.125000 44.166651 
1110.052109 675.601795 1098.256047 682.112433 2.828450 0.125000 2.051243 
435.442866 714.951347 446.871338 711.861456 3.521714 0.125000 6.633534 
661.793768 683.909983 650.453115 685.891031 5.355614 0.125000 1.492684 
481.844547 282.973012 465.980950 286.151513 3.433578 0.125000 1.440928 
590.492549 303.251910 570.304307 282.182278 1.993900 0.125000 8.154400 
707.928230 670.603205 707.721381 660.607485 2.654635 0.062500 0.509572 
483.117663 343.159030 543.027671 356.076405 2.561934 0.125000 61.563605 
1211.765170 348.834474 1196.738270 346.508241 3.235484 0.125000 3.887300 
685.704426 595.970177 341.757270 675.113359 3.306947 0.125000 364.115137 
134.302669 619.373667 134.002922 635.641177 2.568450 0.125000 0.584686 
340.937916 675.676274 165.558754 717.849511 2.983132 0.125000 216.695029 
369.424672 496.757463 370.648924 484.254942 4.091654 0.125000 1.196104 
1161.418536 461.840343 1159.045165 493.099957 2.192745 0.125000 13.144910 
915.957075 623.129899 916.178586 608.114726 2.555044 0.125000 5.746747 
936.953673 383.283550 949.977910 376.820912 3.376207 0.125000 3.202774 
1048.197941 405.150765 1075.625865 409.369373 2.375618 0.125000 4.821509 
361.755393 486.934773 367.502949 498.435864 2.796247 0.125000 1.201007 
592.806135 376.727939 590.048665 359.268604 2.664395 0.125000 4.637654 
1053.639462 385.636669 1053.381424 369.370932 2.717787 0.125000 2.113947 
862.554066 509.760918 854.010494 497.121384 3.164451 0.125000 3.887300 
154.975591 666.830022 153.672346 649.427621 2.586369 0.125000 1.406091 
422.692552 658.706258 881.787096 555.234975 3.599937 0.125000 404.107191 
1032.286738 609.621318 1021.971515 605.389727 3.884694 0.125000 2.952952 
623.572457 236.652733 621.670391 254.217482 2.343630 0.125000 0.443506 
883.289800 552.617773 686.731527 596.228348 2.829421 0.125000 219.833408 
1056.187435 669.444369 1054.664140 654.345829 2.738324 0.125000 0.584686 
891.225210 643.167728 890.565096 633.128939 3.034901 0.125000 0.337161 
960.640028 659.616313 937.994319 661.026610 4.208920 0.125000 8.805922 
1036.991869 647.974563 1044.870987 654.095583 2.741117 0.125000 0.784478 
810.071983 696.679732 794.645694 702.582438 3.776386 0.125000 4.035955 
1275.608344 703.066171 1263.053039 706.620827 1.961631 0.125000 0.784478 
998.066306 633.123116 998.388205 623.093329 3.948557 0.125000 0.443506 
554.499050 367.928945 579.447678 364.992479 2.264250 0.125000 17.943188 
846.167190 259.404030 845.599998 245.574758 2.549124 0.125000 1.201068 
485.701997 704.686890 603.432959 675.622445 2.609359 0.125000 87.332025 
535.817675 185.968052 547.988649 179.132231 2.362959 0.125000 1.323486 
89.325075 250.986922 113.140353 249.648101 2.776700 0.125000 0.608127 
946.816023 699.185427 932.076005 703.771103 3.129797 0.125000 5.483052 
1009.560627 711.983368 1023.714219 687.739240 3.244497 0.125000 23.354419 
851.251513 515.694586 849.827438 502.934994 3.865510 0.125000 8.915854 
1035.535955 694.273067 1022.163267 705.954989 4.230853 0.125000 6.873295 
612.348740 301.841603 615.968544 353.188902 2.213832 0.125000 47.125474 
1089.956877 611.089213 1076.108380 591.157649 3.652860 0.125000 13.197551 
1023.722368 572.890406 1018.375346 587.765667 3.106103 0.125000 2.386356 
826.332276 661.257135 840.323917 673.269754 3.803019 0.125000 6.401791 
1062.911265 561.144511 1041.652529 567.364655 3.687973 0.062500 1.576402 
1065.811022 375.409867 1053.711080 364.947205 2.324838 0.062500 0.221467 
1179.420424 320.777149 1169.210856 323.825191 3.468287 0.062500 1.233110 
789.778662 341.878571 789.966615 320.630233 1.426855 0.125000 0.337161 
1019.145738 687.998855 1010.249032 704.168134 2.682915 0.125000 5.483052 
547.786618 354.355790 546.811916 308.099989 2.473111 0.125000 39.920556 
1198.328632 626.222944 1185.601869 630.557079 3.978392 0.125000 0.662071 
1265.451767 698.732295 1195.795424 717.507282 3.851772 0.125000 64.684469 
355.637057 60.420438 341.874471 60.579157 2.629568 0.125000 3.090413 
618.558425 355.682644 616.256964 323.080388 3.124544 0.125000 10.892143 
1242.107830 521.543125 1229.469614 524.748094 3.327674 0.125000 0.584686 
989.616488 530.573025 911.994802 546.219339 2.688077 0.125000 76.832341 
931.193266 596.665433 932.948614 611.895330 3.295967 0.125000 0.408842 
853.440687 639.418622 842.601633 647.813223 3.284444 0.125000 1.406091 
128.924784 232.477564 159.916994 191.341582 3.487468 0.125000 54.066312 
775.648761 696.891068 769.627262 705.795587 3.106410 0.125000 0.337161 
1126.329188 568.333070 1132.706081 546.751220 3.378242 0.125000 14.920601 
999.346446 530.476697 1021.970443 526.120707 3.872906 0.125000 2.895206 
1122.973992 707.534581 1116.355005 718.563126 3.216263 0.125000 1.277399 
799.562314 625.157278 910.724355 598.539937 2.464928 0.125000 117.846155 
604.149850 674.749152 784.144596 628.478715 3.279931 0.125000 136.007929 
780.532023 714.289598 779.155550 695.641198 3.279754 0.125000 7.453653 
990.559341 343.408683 1005.574951 342.388414 3.002681 0.125000 1.572929 
1254.131143 529.761796 1242.366796 522.344931 3.838835 0.125000 1.987120 
1082.052403 700.945615 1054.644040 716.111228 3.259198 0.125000 18.396520 
1135.315620 626.890867 1134.676236 614.423658 3.681056 0.125000 1.406091 
461.901538 260.473201 444.284394 257.393263 3.108452 0.125000 8.029929 
795.560931 688.544851 790.864935 673.847101 4.664008 0.125000 4.817137 
1029.330348 521.671540 1001.785378 527.716630 2.173935 0.125000 13.248173 
328.139202 60.355010 313.124241 60.572602 2.680864 0.125000 7.520912 
1188.486429 537.200708 1143.284185 547.568993 3.017719 0.125000 24.376495 
198.113311 77.773181 238.122803 78.293847 1.266160 0.125000 13.427738 
24.040071 376.093961 0.356937 386.249890 2.459143 0.125000 9.100037 
371.966320 475.326087 431.734299 493.585552 2.987570 0.125000 35.929215 
314.421463 52.008640 298.063982 52.557929 4.125453 0.125000 14.863819 
1091.713834 712.626399 1077.035330 717.371015 2.835336 0.125000 4.613566 
386.767789 336.136325 499.300279 359.731367 2.466626 0.125000 66.479594 
1004.219895 624.377357 1004.561782 646.872161 2.841638 0.125000 0.795647 
219.731570 430.662959 346.890638 468.071844 2.333096 0.125000 125.791526 
775.553731 681.899854 778.680947 690.867044 3.183797 0.125000 1.323486 
938.680356 235.719648 935.504471 254.354459 3.486692 0.125000 0.608127 
348.160906 465.500234 1.816754 365.827394 2.892286 0.125000 283.395156 
549.317959 357.160725 575.521792 362.391980 2.209130 0.125000 10.590708 
499.574588 359.672993 578.021367 376.119313 2.644266 0.125000 42.603472 
931.613417 707.450763 943.077663 703.002987 2.069621 0.062500 0.236549 
1240.713635 606.871617 1241.191891 619.401075 3.747271 0.125000 5.483052 
24.504865 414.050236 1.228214 404.742467 3.019265 0.125000 10.596190 
1096.812546 716.887249 1094.076851 702.938321 2.958187 0.125000 6.633534 
1.465019 388.398074 30.370117 376.267650 3.128915 0.125000 9.105229 
1025.542741 362.320210 1041.926309 365.347298 2.004169 0.125000 0.353134 
1055.543003 518.986555 1098.250886 509.971363 2.255739 0.125000 36.440632 
713.235974 471.921463 717.544090 461.631783 4.907306 0.125000 1.440928 
660.693195 658.395898 471.946847 705.910406 2.314850 0.125000 111.282875 
1203.392418 458.289511 1188.089401 454.519502 3.359812 0.125000 2.572240 
450.728888 346.632947 483.014746 343.305286 2.448670 0.125000 20.935423 
543.280863 353.656018 484.320910 340.874511 2.221130 0.125000 41.190804 
1020.591721 605.546996 1006.703215 611.472352 3.127380 0.125000 6.330253 
1040.110868 618.570088 1032.568028 609.857175 3.907152 0.125000 6.415337 
1194.158771 664.311581 1195.538605 686.803616 3.360260 0.125000 4.629434 
1275.511876 584.519036 1265.076573 576.323290 2.738187 0.125000 0.353134 
428.288970 490.092458 371.988185 472.757399 2.483695 0.125000 46.276074 
28.111124 416.949078 61.848105 423.268581 2.223517 0.125000 20.068432 
1116.339900 630.466703 1112.637861 642.980891 3.815676 0.125000 1.768711 
290.814758 255.075814 270.640870 257.038149 3.248314 0.125000 3.777556 
823.145497 697.983512 809.500760 696.006879 2.819680 0.125000 0.353134 
894.464706 693.182670 899.704024 685.032922 3.580847 0.125000 0.337161 
1033.952895 650.808288 1032.012879 633.109886 2.910452 0.125000 11.965340 
1059.334294 650.807547 1077.333002 654.821096 4.063970 0.125000 0.472193 
76.666006 423.086989 25.430657 414.252026 2.421872 0.125000 32.106863 
1198.298242 699.114682 1200.853166 713.083267 3.028803 0.125000 2.952952 
1003.389547 688.472731 989.715560 684.463484 4.446317 0.125000 1.970256 
1135.447699 551.815906 1131.573070 563.440991 2.371977 0.125000 0.441439 
574.369256 363.078763 550.521429 366.041269 2.018639 0.125000 7.288615 
1216.822995 406.778242 1215.693805 421.973006 4.295513 0.125000 0.924757 
1024.246617 682.478768 1039.154886 679.517031 3.669930 0.125000 0.161573 
1121.905026 504.524675 1159.400616 497.002691 2.462375 0.125000 26.795671 
1236.970158 718.532626 1251.748406 715.082714 3.287041 0.125000 0.968565 
1119.125345 675.605848 1119.460732 693.123359 2.690965 0.125000 2.223632 
1219.548792 614.283378 1224.489729 623.655523 3.395463 0.125000 1.201007 
0.335196 407.700110 26.829135 417.005585 2.675347 0.125000 18.267614 
63.062999 423.889791 144.386546 430.482575 2.390244 0.125000 51.773653 
145.282074 205.322192 137.034694 214.662246 5.293095 0.125000 3.777556 
432.953358 492.080122 701.839699 447.910104 2.662029 0.125000 187.790480 
238.820814 534.433188 240.075165 519.433552 2.907977 0.125000 2.952952 
704.381807 322.242900 728.123680 321.803650 2.337716 0.125000 2.386356 
1156.898354 641.718784 1178.232173 644.908103 3.523969 0.125000 5.856991 
1271.619434 620.917845 1273.467147 606.756547 5.281425 0.125000 13.484566 
31.821888 377.060870 211.773163 428.481390 2.237147 0.125000 173.237174 
733.533547 265.660226 733.006801 253.077619 3.799001 0.125000 1.768711 
679.309639 700.592801 684.006255 691.059137 3.146155 0.125000 2.206506 
118.164047 426.420944 80.619218 423.192234 1.848207 0.125000 21.363112 
1235.147120 549.950959 1240.529141 542.735926 3.753237 0.125000 1.201007 
145.612424 430.312358 219.365919 431.301839 3.002832 0.125000 38.249239 
1098.222212 507.326160 1055.548739 516.521072 2.086088 0.125000 36.985904 
125.624244 53.290969 104.386068 53.194265 7.522689 0.125000 33.568133 
991.623100 710.853155 1010.751399 706.137743 3.590245 0.125000 4.817137 
1089.405463 274.379293 1091.699441 258.100261 3.364469 0.125000 0.161573 
1090.995502 628.118704 1090.719093 611.852161 3.898121 0.125000 8.275793 
406.466684 280.698422 404.646540 270.576173 2.902982 0.125000 2.590658 
1033.289804 718.765617 1051.780756 714.008661 3.943180 0.125000 4.338335 
1250.601369 711.792529 1233.105204 716.805915 2.578925 0.125000 5.471141 
1180.600117 375.791298 1198.265714 378.434580 1.917545 0.125000 1.201007 
702.067265 445.544365 429.335787 490.386507 2.496992 0.125000 199.455516 
99.755577 66.194335 115.330094 74.902441 3.144101 0.125000 2.781653 
814.382430 428.759649 836.894242 429.031479 2.711114 0.062500 4.225560 
844.242736 672.599907 866.680005 676.693723 4.577933 0.125000 24.445730 
1238.107836 668.061729 1224.352807 671.793192 2.310106 0.062500 1.327562 
870.976659 701.802339 872.290596 685.557511 2.592637 0.125000 9.815378 
700.484589 676.360400 665.370286 685.941482 3.292074 0.125000 30.349225 
941.213010 660.958703 928.846293 669.893187 2.365670 0.125000 0.337161 
1216.815904 527.860891 1199.617573 531.709103 2.985562 0.125000 11.075555 
1154.559718 639.821901 1127.076144 633.500486 3.751997 0.125000 15.899743 
909.442727 442.799902 596.963084 377.702182 2.243673 0.125000 259.230632 
838.196151 430.285519 1101.890155 485.552691 2.409989 0.125000 215.884158 
1083.171382 684.920422 1077.877153 673.237313 3.824926 0.125000 11.965340 
119.728642 74.826009 131.111153 65.900845 3.588072 0.062500 4.525578 
564.152455 317.064588 575.706058 318.850655 3.425495 0.125000 6.633534 
594.342330 379.532066 819.232707 426.309105 2.261634 0.125000 185.470176 
923.108692 655.615342 914.808078 669.631477 2.589667 0.125000 3.757639 
580.586733 360.819993 549.314582 354.682863 2.017775 0.125000 15.858773 
588.080902 314.692400 612.062660 318.024289 3.370292 0.125000 12.825156 
156.946237 190.678973 146.224959 204.829563 2.053676 0.125000 3.090413 
1276.973684 657.202838 1259.202575 662.552185 2.277842 0.125000 4.613566 
1186.491581 455.551205 1185.531474 444.276519 2.793293 0.125000 0.337161 
480.620270 340.587870 446.782480 344.898780 2.661728 0.125000 8.977363 
137.429190 55.595010 138.384388 73.246251 4.587425 0.125000 8.159135 
1135.384068 547.094171 1180.546358 536.538532 1.944639 0.125000 17.605097 
544.322220 283.498720 524.367163 280.680493 1.951031 0.125000 3.090413 
1225.128847 666.603080 1245.417611 659.988847 4.005018 0.125000 3.988660 
615.903429 318.195159 614.549987 299.452629 2.057032 0.125000 3.975131 
1196.546288 664.492390 1214.359754 659.322469 2.438837 0.125000 2.952952 
201.634323 76.866246 192.110653 65.428778 4.163819 0.125000 0.739171 
1003.542941 362.657525 980.322829 375.059236 2.355551 0.125000 8.987214 
1238.074623 710.431590 1260.974526 704.466920 4.360355 0.125000 26.014083 
1260.160600 599.479318 1255.970962 580.828075 2.015058 0.062500 0.706807 
0.549775 368.403789 24.259923 374.801481 1.992313 0.125000 11.075555 
470.579175 389.573023 278.254229 345.066564 2.113059 0.125000 169.551583 
1158.160036 495.462151 1120.519795 487.363995 2.551343 0.125000 18.842009 
818.763983 633.001030 816.229267 645.493986 2.467791 0.125000 1.323486 
1123.205275 170.063054 1107.980272 167.888127 3.358730 0.125000 1.987120 
208.125311 429.364121 119.340653 426.826917 2.213080 0.125000 52.422107 
719.382686 151.442378 700.616402 151.108988 1.582851 0.125000 7.520912 
756.859773 318.218199 736.783022 314.937949 1.862607 0.125000 3.802183 
871.850954 675.618030 875.580858 662.749886 3.601748 0.125000 1.572929 
511.928629 399.139600 473.195542 390.315365 1.990339 0.125000 22.851947 
930.633292 381.831626 889.223903 373.915381 2.094516 0.125000 13.998326 
1234.346663 654.271217 1249.258824 650.199520 1.975523 0.031250 4.233164 
1064.783563 607.839847 1057.224173 597.008870 4.719358 0.125000 7.453653 
1196.651526 673.533007 1208.090986 670.496845 2.490819 0.125000 1.687568 
1231.138700 586.802181 1229.522957 603.139633 2.610885 0.125000 8.408838 
1244.539279 657.451889 1227.861892 662.201057 2.396438 0.125000 2.113947 
601.748441 165.612835 600.535071 178.236504 2.776019 0.125000 2.066551 
863.134678 678.111321 871.323235 683.904862 2.831694 0.125000 1.687568 
1244.092937 575.283062 1231.001850 586.081845 3.568185 0.125000 1.492684 
1217.899827 677.445161 1239.287622 670.361191 2.788851 0.125000 14.117536 
816.764788 427.434646 713.063559 443.990140 2.063691 0.125000 74.245834 
543.236798 366.334467 452.011217 347.466402 2.199827 0.125000 71.704875 
1014.408597 714.500104 1024.362124 711.827053 2.973267 0.062500 3.158705 
1047.736467 705.794347 1067.834939 698.568233 3.013471 0.125000 10.600204 
699.245502 332.623025 719.293844 336.093785 3.529498 0.125000 18.336782 
991.611141 697.357844 1008.064409 691.698836 3.214813 0.125000 1.440928 
1101.859452 483.199041 914.484847 443.851898 2.152484 0.125000 150.481020 
75.973544 232.544869 56.731173 228.880207 3.742438 0.125000 6.353434 
827.921754 706.959080 827.336775 696.848283 5.136053 0.125000 1.987120 
1077.826749 381.887054 1077.709819 366.868500 3.818009 0.125000 1.206083 
1089.107964 693.065675 1103.287893 690.173693 6.123935 0.125000 7.016709 
253.647496 67.428695 246.315358 75.089359 5.418208 0.062500 3.430755 
811.602979 338.399563 792.766191 319.737162 1.250000 0.125000 10.186191 
1264.386651 654.414936 1276.914406 650.760073 2.750034 0.062500 0.710556 
980.805433 705.198614 993.255589 702.471093 2.709584 0.062500 2.444865 
1259.394681 605.494419 1241.900088 605.801992 2.763289 0.125000 7.453653 
656.959859 701.630783 673.095001 700.269442 1.981209 0.062500 0.887461 
811.883547 694.334699 803.256498 692.504989 3.668401 0.125000 3.493748 
1058.102492 717.985493 1075.748193 715.138573 4.299420 0.125000 8.209485 
615.619110 354.260809 616.539736 364.291041 3.962805 0.062500 0.221467 
156.874862 96.797081 290.622234 96.560631 2.734241 0.125000 180.802758 
226.842272 226.529213 199.351920 229.131155 1.833364 0.125000 5.483052 
713.026551 446.256704 813.077379 430.325924 1.941715 0.125000 74.572217 
1116.953467 549.729710 1093.257004 554.971724 2.581515 0.125000 6.800182 
941.785992 591.490051 967.163396 585.622277 2.808817 0.125000 8.792912 
1201.181283 683.961846 1198.168803 698.134311 3.591275 0.125000 2.572240 
104.490224 52.408875 94.451368 53.057306 5.392463 0.125000 0.662071 
185.099261 235.653647 182.303877 184.351631 1.884206 0.125000 32.951144 
1.854955 245.591578 20.607047 234.345065 1.716261 0.125000 1.201068 
354.268091 53.700539 329.483460 55.077386 5.685709 0.125000 10.795870 
1132.319511 717.343025 1129.034957 702.917807 4.428927 0.125000 6.800182 
1176.099054 315.032162 1188.601277 325.029382 2.930559 0.125000 3.057596 
431.861000 383.188770 454.373663 388.131088 1.756996 0.125000 8.912288 
642.430532 126.788295 640.548138 141.865404 2.479263 0.125000 1.201068 
185.939593 204.357109 187.573379 233.085283 2.283047 0.125000 24.264818 
1114.505193 570.410182 1115.394097 560.604069 5.430972 0.125000 0.408842 
1015.827990 649.120076 1023.463420 655.199997 3.313801 0.125000 0.337161 
1147.916980 675.477855 1150.439781 650.480156 3.719589 0.125000 6.891853 
523.261406 301.077228 461.674626 290.546888 2.528068 0.125000 31.866779 
1241.377441 672.065217 1237.290954 688.230153 2.757253 0.125000 11.075555 
636.206755 140.720476 638.502538 126.731814 2.871874 0.125000 3.757639 
24.290596 237.986165 7.986924 247.897880 1.905619 0.125000 0.353134 
268.220887 345.209182 430.726914 382.683048 1.966149 0.125000 118.290345 
976.142709 690.716645 979.222413 673.319265 2.897504 0.125000 0.408842 
654.589923 325.591436 679.518898 329.765611 2.689325 0.125000 16.730567 
1246.598318 408.707898 1229.012737 416.001556 1.735003 0.062500 0.214839 
1086.854797 154.320060 1072.021895 159.774471 3.088171 0.125000 1.572929 
455.531597 388.531075 515.520489 402.329366 1.985324 0.125000 40.616139 
1061.075580 157.935812 1065.130013 140.803679 3.296410 0.125000 10.645665 
1260.621161 419.925197 1248.113048 419.837922 3.185960 0.062500 1.327562 
832.895283 361.089815 844.605761 357.663755 3.248139 0.062500 1.273570 
1203.643838 702.991682 1214.548911 687.373637 4.700021 0.125000 6.274347 
618.028489 386.160203 528.148059 398.295783 2.043716 0.125000 43.733197 
1241.027630 221.567634 1250.738548 234.288318 4.262623 0.125000 6.988959 
439.553572 344.769634 231.967385 301.432473 2.339963 0.125000 117.161322 
1069.547522 686.528511 1082.057914 692.757641 2.790418 0.125000 2.051243 
1216.507435 641.991981 1220.825915 655.561057 3.248171 0.125000 1.572929 
796.915818 704.998670 813.178212 706.058487 3.823352 0.125000 1.970256 
580.674895 374.119080 554.447011 369.005640 2.006308 0.125000 7.228688 
1243.183984 692.380980 1251.467688 679.120555 3.578310 0.125000 5.668122 
921.895518 346.764648 905.514583 343.718845 3.143384 0.125000 5.553764 
112.372835 55.852648 100.682645 64.453351 2.545904 0.125000 1.201068 
1061.409207 536.809675 1058.242231 559.391441 2.649378 0.125000 7.453653 
1135.663752 370.419022 1152.039638 373.499891 2.992006 0.125000 5.553764 
1256.990372 621.865641 1256.176262 611.830279 2.896106 0.125000 1.323486 
1071.602838 708.506910 1090.815721 702.483326 2.759457 0.125000 8.882097 
231.874351 177.292521 216.874387 177.269215 1.271363 0.031250 2.590658 
834.749526 129.297084 833.304846 145.529758 2.711777 0.125000 3.757639 
866.701966 691.777273 865.927129 703.059905 4.169399 0.125000 11.965340 
1145.145736 379.229146 1149.200923 400.657942 3.684604 0.125000 3.340549 
1259.160923 666.209488 1276.841870 660.522007 2.804303 0.125000 8.915854 
1112.644261 500.614613 1112.292745 516.884026 1.546720 0.125000 1.201068 
1161.678143 220.074369 1175.722777 224.027631 3.761231 0.125000 3.378937 
1242.899291 624.470962 1247.265446 634.740446 2.961965 0.125000 1.201007 
1103.304176 472.742099 1092.155666 467.525215 2.721558 0.125000 0.337161 
663.235919 696.223461 678.227046 698.775584 3.093894 0.125000 2.952952 
921.154401 80.647105 921.614111 95.633003 1.556030 0.125000 1.687568 
1155.323162 182.429098 1145.511095 177.084101 2.391832 0.062500 0.509572 
364.438135 333.567648 385.656131 335.226908 2.123275 0.062500 0.371503 
1144.425842 449.953182 1123.108733 448.339954 3.058835 0.125000 19.988816 
206.879249 202.616193 186.870206 202.449115 1.406517 0.125000 9.297275 
516.881699 401.925578 623.252484 387.837561 1.871551 0.125000 54.047410 
1108.199119 385.084619 1134.469249 388.687855 3.326114 0.125000 16.905957 
630.218643 688.127297 630.119672 670.620790 1.341846 0.015625 1.286771 
1254.090029 625.593022 1253.089259 634.511259 2.058424 0.031250 0.657043 
370.607173 255.752783 354.325290 253.481325 1.957883 0.125000 3.493748 
770.556202 353.457019 754.230143 350.074082 1.940746 0.125000 3.493748 
1248.013881 522.577945 1265.551990 519.015560 1.741754 0.125000 0.441439 
1022.942323 631.800710 1021.897270 616.786445 2.407171 0.125000 0.353134 
183.119726 182.178727 258.118819 183.480976 2.087301 0.125000 71.992139 
866.842082 606.729679 833.123323 614.367597 1.380759 0.125000 6.330253 
244.418470 306.663401 364.240635 331.279054 2.178690 0.125000 69.219072 
295.617580 239.436563 311.931914 241.402762 3.080309 0.125000 7.190802 
114.340282 268.808236 80.640166 270.872586 1.807477 0.125000 5.668122 
446.864505 263.434211 458.186314 263.818474 3.747842 0.125000 3.757639 
638.117147 322.689466 659.382772 322.306023 2.702411 0.125000 1.440928 
663.121902 322.116541 690.633408 322.469347 1.554441 0.125000 11.621558 
1136.677265 686.431812 1148.962546 680.950556 3.178783 0.125000 4.672038 
160.679196 289.113393 241.813574 305.921510 2.028567 0.125000 37.159895 
306.881183 294.333379 271.910200 289.138063 1.971170 0.125000 11.584365 
1121.197745 438.148940 1121.982291 419.379485 1.614332 0.125000 1.323486 
976.298625 676.716611 965.436763 670.981508 2.753043 0.125000 0.337161 
1193.952535 713.302389 1196.367955 702.034259 3.492455 0.062500 1.273570 
1231.438815 705.877082 1235.762785 691.917679 3.127769 0.125000 4.637654 
16.926979 99.082492 5.590700 97.068019 2.461439 0.125000 2.590658 
118.344741 280.742314 156.857763 288.213849 2.142556 0.125000 10.807918 
38.097109 273.925691 0.586462 276.254172 1.875638 0.125000 14.847931 
210.622998 230.595530 228.127145 229.406578 1.840095 0.125000 1.323486 
156.804549 285.961717 120.571495 278.380727 1.791947 0.125000 10.658293 
279.438681 343.746677 349.345378 336.585822 1.759286 0.125000 35.245192 
1087.539111 561.871624 1087.467051 574.378411 1.314797 0.125000 2.590658 
365.563548 332.529372 281.929984 341.157944 1.756532 0.125000 40.502929 
350.713604 301.314264 317.014936 295.989406 2.533462 0.125000 5.971814 
261.957687 175.305375 231.862124 177.980121 2.186069 0.125000 6.187406 
1110.345045 661.859467 1109.788088 671.897919 1.732806 0.062500 1.412761 
685.615060 325.090099 664.369165 324.794770 1.493115 0.125000 10.718468 
1160.878687 26.918039 1162.597698 16.785541 2.464781 0.125000 0.784478 
229.338188 300.804094 160.663351 286.688417 1.829555 0.125000 30.710427 
1129.216132 702.260043 1135.399855 684.736655 3.952242 0.125000 14.863819 
1145.659281 161.390336 1133.133533 160.504367 2.758353 0.125000 0.353134 
1135.097144 387.702269 1142.450033 381.283742 2.825064 0.062500 2.818754 
1230.702201 402.310435 1244.462887 399.870707 3.770918 0.125000 0.662071 
180.262600 190.644792 182.652293 234.400816 1.746454 0.125000 22.851947 
1135.619783 28.897928 1159.380611 28.638078 1.495972 0.125000 17.943188 
180.703908 240.859675 160.469764 247.663326 2.390336 0.125000 6.330305 
215.611197 177.127151 183.140074 175.349640 2.154641 0.125000 4.035955 
653.138524 356.789901 630.611516 353.209849 1.626890 0.125000 1.201068 
483.436907 325.611266 483.546912 338.121290 2.609815 0.125000 3.493748 
1028.219527 396.839382 1021.813741 397.338005 3.404709 0.062500 1.412761 
85.641077 228.540958 73.111481 229.025244 1.635292 0.125000 0.784478 
648.431549 695.833930 630.665333 699.566953 2.836861 0.062500 1.195431 
198.830874 227.202917 208.947290 205.426305 2.633197 0.125000 14.022982 
28.127335 326.906099 69.332812 323.812983 1.370160 0.125000 12.547030 
1164.453019 468.924264 1180.650457 471.727929 1.871273 0.031250 5.663834 
915.759407 414.985990 943.101436 420.737030 1.674594 0.125000 2.230464 
156.846845 314.003187 133.138140 315.798519 1.250000 0.125000 0.784478 
436.984754 273.526731 446.979173 274.819861 2.479333 0.062500 3.794778 
945.710065 421.466068 968.024550 426.107891 1.634820 0.125000 2.206506 
214.347091 309.066492 194.397277 310.871246 1.250000 0.031250 4.437722 
1210.608959 478.198639 1233.129468 483.104488 1.378476 0.125000 2.206506 
